[0m[38;5;244;48;5;68m;;;;;;[38;5;246m.[38;5;244m;;;;;;;;;;;;;;;;;;;;;;;;;;;;;[38;5;246m.[38;5;244m;;[38;5;246m..[38;5;244m;;;[38;5;246m.[38;5;244m;;[38;5;246m.[38;5;244m;;[38;5;246m..[38;5;244m;;[38;5;246m.[38;5;244m;[38;5;246m....[0m
[38;5;244;48;5;68m;!;;;;;;;;;;;;;;;;;;;;;;;;;;;;;[38;5;246m.[38;5;244m;;[38;5;246m.[38;5;244m;;;;;;;[38;5;246m..[38;5;244m;;;;;[38;5;246m..[38;5;244m;;[38;5;246m...[38;5;244m;;[38;5;246m..[0m
[38;5;244;48;5;68m;;;;;;;;;;;;;;;;;;;;;;;;;;;;;;;;;[38;5;67m_[38;5;244m;[38;5;246m.[38;5;244m;;;;;[38;5;246m...[38;5;244m;;[38;5;246m......[38;5;244m;;[38;5;246m.[38;5;244m;[38;5;246m....[0m
[38;5;244;48;5;68m;;;;;;;;;;;;;;;;;;[38;5;246m.[38;5;244m;;;;[38;5;246m.[38;5;244m;;;;;[38;5;246m.[38;5;68;48;5;67m`[38;5;67;48;5;95m▀[38;5;101;48;5;94m▀[38;5;138m~[38;5;244m~▀[38;5;67m▀[38;5;68;48;5;242m▀[38;5;244;48;5;68m+;;;[38;5;246m..[38;5;244m;[38;5;246m....[38;5;244m;[38;5;246m..........[0m
[38;5;244;48;5;68m;;;;;;;+[38;5;60;48;5;67m_[38;5;244;48;5;68m<;;;;;;[38;5;246m.[38;5;244m;;;;;;;[38;5;246m..[38;5;244m;![38;5;101;48;5;67m_[38;5;67;48;5;94m▀[38;5;95m~     [38;5;3m;[38;5;95;48;5;67m▀[38;5;244;48;5;68m![38;5;246m.[38;5;244m;[38;5;246m.[38;5;244m;[38;5;246m................[38;5;244m;[0m
[38;5;244;48;5;68m;;;;;;;+[38;5;60;48;5;239mW[38;5;68;48;5;67m:[38;5;244;48;5;68m;[38;5;246m.[38;5;244m;;;[38;5;246m.[38;5;244m;;[38;5;240;48;5;67m_[38;5;146my[38;5;68;48;5;66m▀[48;5;67m▀[38;5;238m_[38;5;67;48;5;68m__[38;5;68;48;5;67m`[48;5;101m▀[38;5;243;48;5;58m▀[38;5;3;48;5;94m;.;.   [38;5;242m_[38;5;95;48;5;67m~[38;5;244;48;5;68m;[38;5;246m....[38;5;109;48;5;179m▀[38;5;67m~[38;5;246;48;5;214m▀[38;5;67;48;5;179m▀[38;5;179;48;5;67m_[38;5;246;48;5;68m_............[0m
[38;5;244;48;5;68m;;;;;;;[38;5;255m_[38;5;60;48;5;109m▀[38;5;244;48;5;67m_[38;5;229;48;5;246m.[38;5;67;48;5;179m▀[48;5;221m▀▀▀▀[48;5;185m▀[38;5;60m▀[38;5;240m▀[38;5;103;48;5;179m▀[38;5;243;48;5;185m▀[38;5;221;48;5;242m_[38;5;179;48;5;60m_[38;5;143;48;5;247m_[38;5;244;48;5;94m▀[38;5;180m` [38;5;3m.;;;.[38;5;58m.[38;5;3m.[38;5;94;48;5;243m▀[38;5;60;48;5;67m~[38;5;244;48;5;68m;[38;5;246m....[38;5;244m<[38;5;221;48;5;179mL[38;5;214;48;5;178mL:[38;5;11mI[38;5;179m:[38;5;138;48;5;103mL[38;5;246;48;5;68m............[0m
[38;5;244;48;5;68m;;;[38;5;246m.[38;5;244m;;[38;5;67m:[38;5;60;48;5;67m7[38;5;249;48;5;241m`[38;5;8;48;5;95m=[38;5;3;48;5;137m@[38;5;172;48;5;130m▀[38;5;173;48;5;178m_[38;5;220;48;5;214m`[38;5;214;48;5;220m> [38;5;178mr[38;5;221m`   [38;5;130m_[38;5;179;48;5;94m▀ [38;5;3m.;;;;;   [38;5;243;48;5;240m=[38;5;236;48;5;67m_[38;5;244;48;5;68m<[38;5;103m.[38;5;246m....[38;5;68;48;5;67m`[38;5;181;48;5;221m-[38;5;178;48;5;214m'▀[38;5;220;48;5;178m_[38;5;178;48;5;214m▀[38;5;138;48;5;143m4[38;5;67;48;5;68m'[38;5;246m...........[0m
[38;5;244;48;5;68m;;;;;;[38;5;68;48;5;67m`[38;5;60m'`[38;5;67;48;5;240m_[38;5;95;48;5;94m`[38;5;3m;[38;5;130m`[38;5;178m`[38;5;136m▀[38;5;172m▀[38;5;178m▀[38;5;214m▀▀[38;5;178m▀[38;5;221m`[38;5;3m. .;;;;;;;[38;5;136m_[38;5;94;48;5;178m`[38;5;221;48;5;220m`[38;5;179m`[38;5;185;48;5;221m`[38;5;60;48;5;185m`[38;5;246;48;5;220m▀[38;5;67;48;5;221m▀[38;5;68m▀[48;5;185m▀[38;5;109m▀[38;5;221;48;5;220m.  [38;5;179m_[38;5;220;48;5;136m▀[38;5;179;48;5;94m▀[38;5;244;48;5;95m~[38;5;102m~~[38;5;243m▀[38;5;95;48;5;67m+[38;5;246;48;5;68m.......[0m
[38;5;244;48;5;68m;;[38;5;246m.[38;5;244m;;;[38;5;67m`[38;5;244m;;+[38;5;240;48;5;67m~[38;5;239;48;5;68m▀[38;5;58;48;5;66m▀[38;5;67;48;5;58m_[38;5;60m_[38;5;94;48;5;235m▀[38;5;58;48;5;236m▀[48;5;237m▀[38;5;94m▀[48;5;58m [38;5;237m_[38;5;94m▀▀[38;5;58;48;5;94my[38;5;52m_[38;5;3m;;;; [38;5;94;48;5;136m▀[38;5;172;48;5;178m~[38;5;11m+[38;5;214m/[38;5;220;48;5;214m~▀[48;5;221mg[38;5;221;48;5;220mV[38;5;220;48;5;221m%[38;5;11m@[38;5;220m_,[48;5;220m [38;5;136;48;5;178m-[38;5;172;48;5;94m▀[38;5;136m~[38;5;58m_  [38;5;243;48;5;95m_[38;5;95;48;5;67m▀[38;5;242m`[38;5;246;48;5;68m........[0m
[38;5;244;48;5;68m;[38;5;246m.[38;5;244m;;;;[38;5;246m.....[38;5;144;48;5;67m_[38;5;94m_[38;5;103;48;5;94m▀[38;5;244m~[38;5;8m~[38;5;236m▀[48;5;95m▀[38;5;237m▀[38;5;238m▀[38;5;239;48;5;59m-[38;5;8;48;5;240m`[38;5;239;48;5;95m▀[38;5;238m▀[38;5;237m▀▀[38;5;8m▀[38;5;58m▀[48;5;59m▀[48;5;240m▀[38;5;172;48;5;95m~[38;5;178m~~[38;5;136;48;5;239m▀[38;5;172;48;5;238m▀[48;5;239m▀[38;5;178m▀▀[48;5;240m▀[48;5;95m▀[48;5;101m▀[48;5;144m▀▀[38;5;172;48;5;143m▀[38;5;248;48;5;94m_[38;5;239m_[38;5;52;48;5;58m'[38;5;179;48;5;94m~[38;5;95;48;5;137mw[48;5;67m [38;5;246;48;5;68m__[38;5;74m_[38;5;246m.......[0m
[38;5;246;48;5;68m...[38;5;244m;[38;5;246m...[38;5;103m_[38;5;94;48;5;67m_[38;5;67;48;5;94m▀[38;5;101m▀[38;5;137m`[38;5;3m;;;;;;[38;5;58m'[38;5;101m~[38;5;94;48;5;95ma[38;5;67m_[38;5;68;48;5;242m_[38;5;95;48;5;67m▀▀[38;5;243m▀[38;5;102m▀[38;5;244;48;5;243m▀ ▀[38;5;67;48;5;244m_[38;5;243m`[38;5;7;48;5;145mF[38;5;102;48;5;244mI[38;5;242m▀[38;5;243;48;5;246m▀▀[38;5;244;48;5;249m▀▀[38;5;246;48;5;145m~[38;5;247;48;5;251m▀[38;5;248m▀[38;5;253;48;5;252m_[38;5;188;48;5;253m▀[38;5;251;48;5;188m`[38;5;243;48;5;145m`[48;5;247m▀[38;5;244;48;5;246m▀[48;5;247m▀[38;5;249;48;5;146mB[38;5;110;48;5;188m▀[48;5;253m▀[48;5;152m~[48;5;189m▀[38;5;74;48;5;153m▀[38;5;68;48;5;152m▀▀[48;5;110m▀[38;5;110;48;5;74m_[48;5;68m_[0m
[38;5;246;48;5;68m.....[38;5;244m<[38;5;94;48;5;66m=[38;5;67;48;5;94m_[38;5;242m_[38;5;239m_[38;5;3m;;[38;5;240m_[38;5;60m_[38;5;68;48;5;95m_[38;5;94;48;5;67m▀▀[38;5;95;48;5;68m▀[48;5;67m~[38;5;243m~[38;5;61;48;5;68m`[38;5;246m......[38;5;67m~`~~[38;5;103;48;5;67m~[38;5;247m~[38;5;244m▀[38;5;246;48;5;102m▀[48;5;67m▀[38;5;103m▀[38;5;244;48;5;248m_[38;5;249;48;5;247m▀[48;5;248m▀[38;5;252;48;5;250m▀[38;5;145;48;5;7m_[38;5;252;48;5;146m▀[38;5;254;48;5;253m▀[38;5;252;48;5;188m▀[48;5;145m▀[38;5;249;48;5;251m~[38;5;246;48;5;247m`[38;5;67m_[38;5;146;48;5;145m`[38;5;252;48;5;250m▀[38;5;253;48;5;152m▀[38;5;188;48;5;252m▀[38;5;253;48;5;188m▀[38;5;254;48;5;252m▀[38;5;253;48;5;188m▀[38;5;152;48;5;153mi[48;5;189m▀[38;5;146;48;5;152m~[38;5;152;48;5;153m~[0m
[38;5;244;48;5;68m;;;[38;5;246m.....[38;5;67m`[38;5;66m`[38;5;242;48;5;67m`[38;5;95m`[38;5;67;48;5;68m~[38;5;246m........................[38;5;67m▀[38;5;103m~[38;5;246m▀[38;5;247m▀[38;5;103m~[38;5;110m"[38;5;249m▀[38;5;145m▀[38;5;67;48;5;103m'[38;5;251m▀[38;5;103;48;5;67m"[38;5;246;48;5;103mI[38;5;248;48;5;246m▀[38;5;145;48;5;103m▀[48;5;146mw[38;5;188;48;5;252mI[38;5;145m_[38;5;146;48;5;152m,[38;5;253;48;5;188mB[38;5;251m_[38;5;152;48;5;252m_[38;5;253;48;5;188m&[38;5;152;48;5;253m▀[0m
[38;5;246;48;5;68m................................................[38;5;67m▀[38;5;103m~▀▀[38;5;248m▀[38;5;103;48;5;67m"[38;5;110;48;5;68m▀[38;5;251;48;5;109m▀[38;5;250;48;5;103m▀[38;5;103;48;5;249m_[38;5;252;48;5;250m▀[38;5;146;48;5;252m_[0m
[38;5;246;48;5;68m........................................................[38;5;67m'[38;5;246m_[38;5;110m`~[0m
[38;5;246;48;5;68m............................................................[0m
[38;5;246;48;5;68m............................................................[0m
[38;5;246;48;5;68m............................................................[0m
