[0m[38;5;16;48;5;16m   [38;5;232m:'`:    :'`:  _ :'`:[38;5;2;48;5;232m_[38;5;47;48;5;233m_[38;5;232;48;5;41m▀[38;5;233;48;5;47m▀[38;5;22m▀[38;5;233;48;5;41m~[38;5;22m~[38;5;232m`[38;5;22m"~[38;5;233m~[38;5;22;48;5;47m▀[38;5;233m▀[38;5;232;48;5;41m▀[48;5;28m▀[38;5;28;48;5;232m_[38;5;232;48;5;16m,r  :'`:    :'`:    :[0m
[38;5;232;48;5;16m;x "   `;x "  ~`;'.[38;5;16;48;5;232m`[38;5;47;48;5;234m_[38;5;233;48;5;47m▀[38;5;22;48;5;41m~[38;5;41;48;5;47m`[38;5;10mBBBBBBBBBB0BB0[38;5;41m`[38;5;22;48;5;41m`[48;5;47m▀[38;5;232;48;5;28m▀[38;5;22;48;5;232m,[48;5;16m    [38;5;232m`;x "   `;x "[0m
[38;5;16;48;5;16m    [38;5;232m`;      `;  \[38;5;28;48;5;232m_[38;5;233;48;5;41m▀[38;5;28m~[38;5;10;48;5;47mBB0BB00BBB0000BB0B0000[38;5;35m`[38;5;22m▀[38;5;35;48;5;233m_[38;5;232;48;5;16mu      `;      [0m
[38;5;16;48;5;16m [38;5;232m^)  "'` ^)  " [38;5;16;48;5;232m'[38;5;234;48;5;41m▀[38;5;41;48;5;47m~[38;5;10m0000B000B00000000000000B000[38;5;22m▀[38;5;28;48;5;232m_[38;5;232;48;5;16m.:^)  "'` ^) [0m
[38;5;16;48;5;16m [38;5;232m.l  ,;" .l  ,[38;5;35;48;5;233m_[38;5;2;48;5;41m`[38;5;10;48;5;47m0000000B[38;5;41m_[38;5;34m_[38;5;47;48;5;34m▀▀▀[38;5;41m▀[38;5;114;48;5;41m_[38;5;108m_[38;5;47;48;5;34m▀▀▀[38;5;34;48;5;47m_[38;5;10m0005555555[38;5;35m`[38;5;232;48;5;34m▀[48;5;16m:.l  ,;" .l [0m
[38;5;232;48;5;16m^ (:(:. ^  :([38;5;233;48;5;28m▀[38;5;41;48;5;47m`[38;5;10m000000[38;5;34m_[38;5;47;48;5;28m▀[38;5;41;48;5;34m~[38;5;2mU[38;5;28m*`[38;5;34;48;5;71m▀[38;5;35m▀[38;5;71;48;5;107m~[48;5;108m [38;5;144;48;5;107m'[38;5;34;48;5;71m`▀[38;5;2;48;5;34mQcT[38;5;41m~[38;5;47m▀[38;5;34;48;5;47m_[38;5;10m55000000[38;5;234;48;5;35m▀[38;5;232;48;5;16m{(.(:. ^ (:[0m
[38;5;16;48;5;16m [38;5;232m- &`,)' -,&[38;5;2;48;5;234m_[38;5;10;48;5;47m000B00[38;5;47;48;5;34m▀[38;5;41m~[38;5;28m▀[38;5;34;48;5;28m$>[38;5;35;48;5;34m_[38;5;34;48;5;71m▀[38;5;65m~[48;5;65m [48;5;71m▀[38;5;244;48;5;107m" "[38;5;243;48;5;71m([38;5;71;48;5;107m~[38;5;244;48;5;71mT[38;5;35;48;5;107m▀[38;5;2;48;5;34m3[38;5;28m_r[38;5;2mI[38;5;47m`[38;5;34;48;5;41m_[38;5;10;48;5;47m5555005[38;5;34;48;5;22mL[38;5;232;48;5;16m,&`,)' - &[0m
[38;5;232;48;5;16m"`~ `   "` [38;5;16;48;5;232m'[38;5;28;48;5;41m~[38;5;10;48;5;47m50500[38;5;28;48;5;41m/[48;5;28m [48;5;34mK]▀[38;5;34;48;5;71m▀[38;5;243m([38;5;244;48;5;107m,[38;5;107;48;5;65m▀ [38;5;243;48;5;71m([38;5;244;48;5;107m" [38;5;143m.[38;5;244m.[38;5;71m/[48;5;108m [38;5;108;48;5;107m_[38;5;244;48;5;71m"[38;5;77;48;5;35m_[38;5;2;48;5;34m4[38;5;28m`[38;5;2mU[38;5;41m'[38;5;34;48;5;41m\[38;5;10;48;5;47m005050[38;5;47;48;5;41m'[38;5;16;48;5;232m`[38;5;232;48;5;16m▄    "`~ [0m
[38;5;16;48;5;16m   [38;5;232m:'`:   :[38;5;234;48;5;22m@[38;5;10;48;5;47m00505[38;5;28;48;5;41m/[38;5;41;48;5;34mF[38;5;28m*▀W[38;5;241;48;5;71m"[38;5;144;48;5;107m[[38;5;65;48;5;71m7[38;5;243mJ([38;5;65m1[38;5;243m([38;5;246;48;5;107mJ[38;5;143m^[38;5;114m'[38;5;244m.[38;5;150;48;5;108mF[38;5;107m1j[38;5;244;48;5;107m"[38;5;150;48;5;114m:[38;5;2;48;5;34mT[38;5;28m"[38;5;2m<[38;5;28m~[38;5;34;48;5;41mL\[38;5;10;48;5;47mB05500[38;5;34;48;5;22mL[38;5;232;48;5;16m!'`:    :[0m
[38;5;232;48;5;16m;x "   `;x [38;5;22;48;5;28mF[38;5;10;48;5;47m00D5[38;5;35;48;5;41mj[38;5;47m'[38;5;28;48;5;34m`+[38;5;2m43[38;5;71;48;5;107mL[38;5;144m'[38;5;242;48;5;71m<[38;5;243m(([48;5;65m [38;5;71m▀[48;5;107m  [38;5;144m`[38;5;107;48;5;65m▀[38;5;108;48;5;71m▀[38;5;107;48;5;108m4=$[38;5;249;48;5;150mU[38;5;114;48;5;71mL[38;5;2;48;5;34m3U3[38;5;40m4[38;5;10;48;5;47m0[38;5;34;48;5;41mi[38;5;10;48;5;47m00000[38;5;2;48;5;34m4[38;5;16;48;5;232m`[48;5;16m   [38;5;232m`;x "[0m
[38;5;16;48;5;16m    [38;5;232m`;    N[38;5;22;48;5;28ml[38;5;10;48;5;47mBB00[38;5;34;48;5;41mj[38;5;10;48;5;47m0[38;5;28;48;5;34mz4[38;5;2mQ4[48;5;71m [38;5;144;48;5;107m:[38;5;107;48;5;71m1[38;5;243m([38;5;107m#[38;5;243m([38;5;107m{[38;5;244;48;5;107m"[38;5;144mm[38;5;246m3[38;5;65;48;5;71m+[38;5;244;48;5;107m"[38;5;108m▀[38;5;107;48;5;108m_[38;5;108;48;5;150mT[38;5;248mc[38;5;71;48;5;107my[38;5;28;48;5;34mz[38;5;2m34[38;5;10m<[48;5;47m0[38;5;34;48;5;41m1[38;5;10;48;5;47m5050D[38;5;28;48;5;34m4[38;5;16;48;5;232m:[48;5;16m [38;5;232m;      [0m
[38;5;16;48;5;16m [38;5;232m^)  "'` ^][48;5;22m:[38;5;10;48;5;47m$B0B[38;5;34;48;5;41mJ[38;5;10;48;5;47mB[48;5;34m [38;5;28m▀"[38;5;2m3[38;5;71m"[48;5;107m_[38;5;243;48;5;71mJJ[38;5;107m_[38;5;65m+N[38;5;71;48;5;107mL [38;5;246m+[38;5;65;48;5;71me[38;5;71;48;5;107mF[38;5;107;48;5;114m▀[48;5;108m~F[38;5;150;48;5;114m`[38;5;71;48;5;34m^[38;5;2mU[38;5;28m_[38;5;2mU[38;5;34;48;5;41mF[38;5;10;48;5;47m5[38;5;34;48;5;41mJ[38;5;10;48;5;47mD0005[38;5;35;48;5;22mF[38;5;232;48;5;16m_ "'` ^) [0m
[38;5;16;48;5;16m [38;5;232m.l  ,;" . [38;5;16;48;5;232m`[38;5;2;48;5;41m,[38;5;10;48;5;47mBBBB[38;5;28;48;5;41m\[38;5;10m@[38;5;35;48;5;34m,[38;5;2mUJJ[38;5;71m"[38;5;35;48;5;71m_[38;5;71;48;5;107mjq[38;5;244;48;5;71m([38;5;107m:[48;5;107m [48;5;108m▀[38;5;246;48;5;107m3[38;5;244m.,[48;5;108m [48;5;107m"[38;5;114;48;5;71m▀[38;5;71;48;5;34m~[38;5;28mw[38;5;2mQQ[38;5;41m_[38;5;10;48;5;47mB[38;5;35;48;5;41m_[38;5;28m'[38;5;10;48;5;47m0B00[38;5;47;48;5;41m:[38;5;16;48;5;233m:[38;5;232;48;5;16m| ,;" .l [0m
[38;5;232;48;5;16m^ (:(:. ^ (![38;5;2;48;5;234m"[38;5;10;48;5;47m$BB$[38;5;41m"[38;5;34;48;5;41m\[38;5;40;48;5;47m`[38;5;34;48;5;41m▀[38;5;2;48;5;34m([38;5;34;48;5;28m▀[38;5;28;48;5;34m;[38;5;2mc[38;5;71m▀[38;5;35;48;5;71m_[38;5;71;48;5;65m▀[38;5;242;48;5;71m<[38;5;71;48;5;107mL[38;5;107;48;5;108m<[48;5;144m [48;5;71m▀[38;5;244m([38;5;28m_[38;5;71;48;5;34m▀[38;5;2mUcU[38;5;28mF[38;5;34;48;5;41m▀[38;5;41;48;5;47m~[38;5;34m_[48;5;41mF[38;5;10;48;5;47m0000B[38;5;35;48;5;22mF[38;5;232;48;5;16m( (:. ^ (:[0m
[38;5;16;48;5;16m [38;5;232m- &`,)' -,,`[38;5;28;48;5;233m▀[38;5;10;48;5;47m$$$$$[48;5;41m@[38;5;34m_[38;5;41;48;5;47m`[38;5;34;48;5;41m~▀[38;5;47;48;5;34m_[38;5;40m_[38;5;2mJ[38;5;65m▀[38;5;71;48;5;35m▀[48;5;107mL[38;5;113m'[38;5;34m_[38;5;71;48;5;34m▀`[38;5;2m4I[38;5;28m:[38;5;41m_[38;5;34;48;5;41m▀[48;5;47m~[38;5;10mB[38;5;34;48;5;41mz^[38;5;10;48;5;47m0D000[38;5;35;48;5;234m▀[48;5;16m  [38;5;232m&`,)' - &[0m
[38;5;232;48;5;16m"`~ `   "`  `"[38;5;28;48;5;234m~[48;5;41m_[38;5;10;48;5;47mBB$$[38;5;41m`▀[38;5;34;48;5;41m+[48;5;47m_[38;5;10mB$[38;5;40m`[38;5;34m"~[38;5;35;48;5;41m~[38;5;34m([48;5;47m▀▀▀▀~[38;5;40m`[38;5;10m0[38;5;34my[48;5;41m=~[38;5;10;48;5;47mB0000[38;5;47;48;5;41m`[38;5;28;48;5;232m▀[38;5;232;48;5;16m▄`~ `   "`~ [0m
[38;5;16;48;5;16m   [38;5;232m:'`:    :'`:[38;5;22;48;5;232m`[38;5;41;48;5;22m▀[38;5;10;48;5;47m$$$B$B[38;5;41m`[38;5;34;48;5;41m~[38;5;35m=[38;5;34;48;5;47m=[38;5;10;48;5;41m@[38;5;34muL[38;5;41;48;5;34m▀[38;5;34;48;5;47m_[38;5;40mL[38;5;41mw[38;5;34;48;5;41m-[48;5;47m=[38;5;40;48;5;41mr[38;5;34m~[38;5;41;48;5;47m`[38;5;10m000000[38;5;47;48;5;22m▀[38;5;2;48;5;233m`[38;5;232;48;5;16m^"  :'`:    :[0m
[38;5;232;48;5;16m;x "   `;x "  ~`;[38;5;34;48;5;233m`[38;5;47;48;5;2m▀[38;5;41;48;5;47m,[38;5;10mBBB$$$BB[38;5;34;48;5;41mJ[38;5;10;48;5;47mB[38;5;34;48;5;41m][38;5;41;48;5;47m`[38;5;10mBBB$BBBB000[38;5;47;48;5;22m▀[38;5;35;48;5;233m`[38;5;232;48;5;16m;~`:x "   `;x "[0m
[38;5;16;48;5;16m    [38;5;232m`;      `;   : [38;5;2;48;5;233m`[38;5;10;48;5;41m@[48;5;47m$$BBBB$[38;5;41m'[38;5;10mB[38;5;34;48;5;41m4[38;5;10;48;5;47mBB$B$BB$$$$[38;5;22;48;5;28m4[38;5;232;48;5;16m▄';      `;      [0m
[38;5;16;48;5;16m [38;5;232m^)  "'` ^)  "'` ^ [38;5;16;48;5;232m'[38;5;10;48;5;41m$[48;5;47m0BB$B$B$$@[38;5;35m,[38;5;41m_[38;5;10m$$BBBBB00[38;5;22;48;5;28m4[38;5;232;48;5;16m:  '` ^)  "'` ^) [0m
