[38;5;16;48;5;16m                                                            [0m
[38;5;16;48;5;16m                                                            [0m
[38;5;16;48;5;16m                                                            [0m
[38;5;16;48;5;16m                                                            [0m
[38;5;16;48;5;16m▓▓▓▓▓▓▓▓▓▓▓▓[38;5;190;48;5;100m [38;5;190;48;5;106m   [38;5;142;48;5;106m [38;5;190;48;5;106m░[38;5;190;48;5;58m░[38;5;16;48;5;16m▓▓▓[38;5;190;48;5;3m [38;5;190;48;5;106m [38;5;142;48;5;106m  [38;5;112;48;5;232m [38;5;16;48;5;16m▓▓[38;5;190;48;5;233m [38;5;142;48;5;106m  [38;5;148;48;5;233m [38;5;16;48;5;16m▓▓▓[38;5;190;48;5;3m [38;5;190;48;5;106m [38;5;3;48;5;3m [38;5;106;48;5;234m [38;5;142;48;5;106m [38;5;190;48;5;106m [38;5;142;48;5;106m     ░[38;5;190;48;5;3m▒[38;5;16;48;5;16m▓▓▓▓▓▓▓▓▓▓▓[0m
[38;5;16;48;5;16m▓▓▓▓▓▓▓▓▓▓[38;5;58;48;5;58m [38;5;227;48;5;227m [38;5;227;48;5;191m░[38;5;190;48;5;58m [38;5;16;48;5;16m▓▓▓▓▓▓[38;5;58;48;5;234m [38;5;227;48;5;227m ░[38;5;3;48;5;3m [38;5;190;48;5;234m [38;5;185;48;5;185m░[38;5;227;48;5;227m [38;5;3;48;5;3m [38;5;76;48;5;16m [38;5;58;48;5;58m [38;5;226;48;5;226m   [38;5;142;48;5;106m [38;5;190;48;5;58m [38;5;227;48;5;227m [38;5;226;48;5;226m  [38;5;185;48;5;184m░[38;5;58;48;5;58m [38;5;226;48;5;226m  [38;5;58;48;5;58m [38;5;16;48;5;16m▓▓▓▓▓▓▓▓▓▓▓▓▓▓▓▓▓[0m
[38;5;16;48;5;16m▓▓▓▓▓▓▓▓▓[38;5;185;48;5;100m░[38;5;226;48;5;226m [38;5;227;48;5;227m [38;5;58;48;5;16m [38;5;16;48;5;16m▓[38;5;58;48;5;235m [38;5;186;48;5;143m▒[38;5;185;48;5;142m░░[38;5;58;48;5;58m  [38;5;226;48;5;226m  [38;5;58;48;5;58m [38;5;16;48;5;16m▓▓▓[38;5;226;48;5;226m░ [38;5;185;48;5;142m░[38;5;58;48;5;58m [38;5;226;48;5;226m        [38;5;185;48;5;184m░[38;5;58;48;5;58m [38;5;226;48;5;226m  [38;5;185;48;5;184m░░[38;5;185;48;5;185m▒[38;5;186;48;5;179m▒[38;5;58;48;5;234m [38;5;16;48;5;16m▓▓▓▓▓▓▓▓▓▓▓▓▓[0m
[38;5;16;48;5;16m▓▓▓▓▓▓▓▓▓[38;5;185;48;5;3m▒[38;5;220;48;5;221m░[38;5;227;48;5;227m [38;5;221;48;5;234m [38;5;52;48;5;16m [38;5;16;48;5;16m▓[38;5;52;48;5;16m [38;5;226;48;5;227m [38;5;226;48;5;226m [38;5;220;48;5;100m [38;5;220;48;5;58m [38;5;226;48;5;226m  [38;5;227;48;5;221m░[38;5;185;48;5;185m░░░[38;5;226;48;5;226m  [38;5;220;48;5;142m░[38;5;136;48;5;58m [38;5;226;48;5;226m  [38;5;220;48;5;58m  [38;5;186;48;5;179m▒[38;5;16;48;5;16m▓[38;5;220;48;5;184m [38;5;226;48;5;226m [38;5;220;48;5;178m░[38;5;136;48;5;58m [38;5;226;48;5;226m  [38;5;220;48;5;58m [38;5;16;48;5;16m▓▓▓▓▓▓▓▓▓▓▓▓▓▓▓▓▓[0m
[38;5;16;48;5;16m▓▓▓▓▓▓▓▓▓▓[38;5;52;48;5;16m [38;5;221;48;5;235m [38;5;178;48;5;185m░[38;5;136;48;5;179m░[38;5;221;48;5;179m▒[38;5;136;48;5;178m▒[38;5;178;48;5;220m░[38;5;178;48;5;221m░[38;5;178;48;5;94m░[38;5;94;48;5;58m [38;5;136;48;5;221m░[38;5;178;48;5;221m░[38;5;94;48;5;235m [38;5;16;48;5;16m▓▓▓[38;5;178;48;5;178m░[38;5;136;48;5;221m░[38;5;136;48;5;136m▒[38;5;172;48;5;58m [38;5;136;48;5;220m░[38;5;178;48;5;221m░[38;5;136;48;5;58m [38;5;16;48;5;16m▓▓▓[38;5;136;48;5;178m▒[38;5;136;48;5;221m░[38;5;136;48;5;143m▒[38;5;172;48;5;52m [38;5;136;48;5;220m░░[38;5;136;48;5;178m░[38;5;221;48;5;179m▒[38;5;221;48;5;143m▒▒▒▒[38;5;136;48;5;101m▓[38;5;16;48;5;16m▓▓▓▓▓▓▓▓▓▓▓[0m
[38;5;16;48;5;16m▓▓▓▓▓▓▓▓▓▓[38;5;216;48;5;52m [38;5;130;48;5;130m░[38;5;172;48;5;136m░ [38;5;172;48;5;130m ░[38;5;172;48;5;136m░[38;5;209;48;5;52m [38;5;52;48;5;16m [38;5;216;48;5;52m [38;5;172;48;5;130m ░[38;5;209;48;5;233m [38;5;16;48;5;16m▓▓▓[38;5;172;48;5;130m  [38;5;130;48;5;94m [38;5;209;48;5;52m [38;5;130;48;5;166m  [38;5;130;48;5;130m░░░░[38;5;172;48;5;130m░░[38;5;172;48;5;94m░[38;5;209;48;5;52m [38;5;130;48;5;130m [38;5;208;48;5;166m [38;5;130;48;5;130m [38;5;172;48;5;130m   [38;5;130;48;5;130m [38;5;202;48;5;52m [38;5;52;48;5;16m [38;5;16;48;5;16m▓▓▓▓▓▓▓▓▓▓▓[0m
[38;5;16;48;5;16m▓▓▓▓▓▓▓▓▓[38;5;202;48;5;94m░[38;5;202;48;5;166m░░[38;5;52;48;5;232m [38;5;16;48;5;16m▓▓[38;5;52;48;5;232m [38;5;202;48;5;166m░[38;5;202;48;5;202m░[38;5;216;48;5;88m [38;5;209;48;5;52m [38;5;202;48;5;202m░[38;5;202;48;5;166m░[38;5;52;48;5;52m [38;5;16;48;5;16m▓▓[38;5;52;48;5;16m [38;5;202;48;5;166m░[38;5;202;48;5;202m░[38;5;202;48;5;130m░[38;5;1;48;5;1m [38;5;202;48;5;202m░░[38;5;209;48;5;52m [38;5;52;48;5;16m [38;5;16;48;5;16m▓▓▓▓▓[38;5;52;48;5;52m [38;5;202;48;5;202m░░[38;5;209;48;5;52m [38;5;52;48;5;16m [38;5;16;48;5;16m▓[38;5;52;48;5;232m [38;5;202;48;5;130m░[38;5;173;48;5;166m░[38;5;173;48;5;130m▒[38;5;52;48;5;232m [38;5;16;48;5;16m▓▓▓▓▓▓▓▓▓▓[0m
[38;5;16;48;5;16m▓▓▓▓▓▓▓▓[38;5;52;48;5;16m [38;5;209;48;5;1m [38;5;209;48;5;160m░░[38;5;52;48;5;232m [38;5;16;48;5;16m▓▓[38;5;52;48;5;232m [38;5;209;48;5;160m░[38;5;209;48;5;196m [38;5;88;48;5;88m [38;5;1;48;5;1m [38;5;209;48;5;160m░ [38;5;160;48;5;160m░[38;5;88;48;5;88m [38;5;52;48;5;52m [38;5;124;48;5;124m░[38;5;209;48;5;160m ░[38;5;209;48;5;124m [38;5;1;48;5;1m [38;5;196;48;5;196m  [38;5;160;48;5;160m░[38;5;124;48;5;124m░[38;5;167;48;5;124m░[38;5;167;48;5;88m▒[38;5;52;48;5;232m [38;5;16;48;5;16m▓▓[38;5;52;48;5;52m [38;5;160;48;5;160m  [38;5;52;48;5;52m [38;5;52;48;5;233m [38;5;52;48;5;52m [38;5;124;48;5;124m░[38;5;160;48;5;160m░[38;5;209;48;5;124m░[38;5;209;48;5;88m░[38;5;52;48;5;232m [38;5;16;48;5;16m▓▓▓▓▓▓▓▓▓▓[0m
[38;5;16;48;5;16m▓▓▓▓▓▓▓▓[38;5;52;48;5;232m [38;5;1;48;5;52m [38;5;160;48;5;160m  [38;5;52;48;5;232m [38;5;16;48;5;16m▓▓[38;5;52;48;5;232m [38;5;160;48;5;160m  [38;5;1;48;5;1m [38;5;52;48;5;232m [38;5;52;48;5;52m [38;5;88;48;5;88m░[38;5;160;48;5;160m    [38;5;88;48;5;88m [38;5;52;48;5;52m [38;5;52;48;5;232m [38;5;52;48;5;52m [38;5;160;48;5;160m  [38;5;52;48;5;52m [38;5;52;48;5;232m  [38;5;16;48;5;16m▓▓▓▓[38;5;52;48;5;52m [38;5;160;48;5;160m  [38;5;124;48;5;124m  [38;5;160;48;5;160m  [38;5;88;48;5;88m [38;5;52;48;5;52m [38;5;52;48;5;232m [38;5;16;48;5;16m▓▓▓▓▓▓▓▓▓▓▓[0m
[38;5;16;48;5;16m▓▓▓▓▓▓▓▓▓[38;5;52;48;5;232m [38;5;52;48;5;52m [38;5;204;48;5;124m░[38;5;204;48;5;88m░░░░[38;5;204;48;5;124m░[38;5;52;48;5;52m [38;5;52;48;5;232m [38;5;16;48;5;16m▓▓[38;5;52;48;5;16m [38;5;52;48;5;233m [38;5;52;48;5;52m [38;5;204;48;5;88m░[38;5;52;48;5;52m [38;5;52;48;5;232m [38;5;16;48;5;16m▓▓[38;5;52;48;5;52m [38;5;124;48;5;124m░[38;5;160;48;5;160m [38;5;204;48;5;124m░[38;5;204;48;5;88m░░░░░[38;5;204;48;5;52m░[38;5;52;48;5;52m [38;5;204;48;5;124m░░[38;5;52;48;5;52m [38;5;52;48;5;233m [38;5;52;48;5;52m [38;5;204;48;5;124m░░░[38;5;204;48;5;52m░[38;5;52;48;5;16m [38;5;16;48;5;16m▓▓▓▓▓▓▓▓▓▓[0m
[38;5;16;48;5;16m                                                            [0m
[38;5;16;48;5;16m                                                            [0m
[38;5;16;48;5;16m                                                            [0m
[38;5;16;48;5;16m                                                            [0m
[38;5;16;48;5;16m                                                            [0m
[38;5;16;48;5;16m                                                            [0m
[38;5;16;48;5;16m                                                            [0m
[0m