[38;5;16;48;5;16m▓▓▓▓▓▓▓▓▓▓▓▓▓▓▓▓▓▓▓▓▓▓▓▓▓▓▓▓▓▓▓▓▓▓▓▓▓▓▓▓▓▓▓▓▓▓▓▓▓▓▓▓▓▓▓▓▓▓▓▓[0m
[38;5;16;48;5;16m▓▓▓▓▓▓▓▓▓▓▓▓▓▓▓▓▓▓▓▓▓▓▓▓▓▓▓▓▓[38;5;42;48;5;237m▓[38;5;16;48;5;16m▓▓▓▓▓▓▓[38;5;35;48;5;48m  [38;5;84;48;5;22m [38;5;16;48;5;16m▓▓▓▓▓▓▓▓▓▓▓▓▓▓▓▓▓▓▓▓[0m
[38;5;16;48;5;16m▓▓▓▓▓▓▓▓▓▓▓▓▓▓▓▓▓▓▓▓▓▓▓▓▓▓▓[38;5;35;48;5;240m▓[38;5;35;48;5;65m▓[38;5;72;48;5;65m▓[38;5;35;48;5;239m▓[38;5;16;48;5;16m▓▓▓▓▓▓▓[38;5;115;48;5;78m▒[38;5;35;48;5;48m  [38;5;22;48;5;233m [38;5;16;48;5;16m▓▓▓▓▓▓▓▓▓▓▓▓▓▓▓▓▓▓[0m
[38;5;16;48;5;16m▓▓▓▓▓▓▓▓▓▓▓▓▓▓▓▓▓▓▓▓▓▓▓▓▓[38;5;48;48;5;59m▓[38;5;35;48;5;65m▓[38;5;72;48;5;65m▓▓▓[38;5;42;48;5;240m▓[38;5;16;48;5;16m▓▓▓▓[38;5;48;48;5;48m [38;5;35;48;5;48m [38;5;48;48;5;48m [38;5;16;48;5;16m▓▓[38;5;48;48;5;85m░[38;5;35;48;5;48m [38;5;48;48;5;48m░[38;5;16;48;5;16m▓▓▓▓▓▓▓▓▓▓▓▓▓▓▓▓▓[0m
[38;5;16;48;5;16m▓▓▓▓▓▓▓▓▓▓▓▓▓▓▓▓▓▓▓▓▓▓▓[38;5;22;48;5;16m [38;5;42;48;5;65m▓[38;5;72;48;5;65m▓▓▓▓▓[38;5;42;48;5;59m▓[38;5;16;48;5;16m▓[38;5;22;48;5;232m [38;5;48;48;5;48m [38;5;48;48;5;84m░[38;5;16;48;5;16m▓▓[38;5;35;48;5;48m  [38;5;84;48;5;233m [38;5;16;48;5;16m▓[38;5;41;48;5;35m▒[38;5;35;48;5;48m [38;5;35;48;5;49m [38;5;16;48;5;16m▓▓▓▓▓▓▓▓▓▓▓▓▓▓▓▓[0m
[38;5;16;48;5;16m▓▓▓▓▓▓▓▓▓▓▓▓▓▓▓▓[38;5;42;48;5;65m▓[38;5;72;48;5;65m▓[38;5;48;48;5;65m▓▓[38;5;35;48;5;65m▓▓[38;5;41;48;5;65m▓[38;5;72;48;5;65m▓▓▓▓▓▓▓[38;5;42;48;5;59m▓[38;5;16;48;5;16m▓▓▓[38;5;48;48;5;48m [38;5;35;48;5;48m [38;5;22;48;5;16m [38;5;16;48;5;16m▓[38;5;48;48;5;48m [38;5;35;48;5;48m [38;5;22;48;5;232m [38;5;16;48;5;16m▓[38;5;85;48;5;84m░[38;5;35;48;5;48m [38;5;48;48;5;78m▒[38;5;16;48;5;16m▓▓▓▓▓▓▓▓▓▓▓▓▓▓▓[0m
[38;5;16;48;5;16m▓▓▓▓▓▓▓▓▓▓▓▓▓▓▓▓[38;5;72;48;5;65m▓▓▓▓▓▓▓▓▓▓▓▓▓▓[38;5;42;48;5;59m▓[38;5;16;48;5;16m▓▓▓▓[38;5;48;48;5;48m  [38;5;16;48;5;16m▓▓[38;5;48;48;5;48m  [38;5;16;48;5;16m▓▓[38;5;35;48;5;48m  [38;5;16;48;5;16m▓▓▓▓▓▓▓▓▓▓▓▓▓▓▓[0m
[38;5;16;48;5;16m▓▓▓▓▓▓▓▓▓▓▓▓▓▓▓▓[38;5;42;48;5;65m▓[38;5;72;48;5;65m▓▓▓▓▓▓▓▓▓▓▓▓▓[38;5;42;48;5;59m▓[38;5;16;48;5;16m▓▓▓▓[38;5;48;48;5;84m░[38;5;35;48;5;48m [38;5;16;48;5;16m▓▓[38;5;35;48;5;48m  [38;5;16;48;5;16m▓▓[38;5;35;48;5;48m  [38;5;16;48;5;16m▓▓▓▓▓▓▓▓▓▓▓▓▓▓▓[0m
[38;5;16;48;5;16m▓▓▓▓▓▓▓▓▓▓▓▓▓▓▓▓[38;5;72;48;5;65m▒▓▓▓▓▓▓▓▓▓▓▓▓▓[38;5;42;48;5;59m▓[38;5;16;48;5;16m▓▓▓▓[38;5;48;48;5;48m [38;5;35;48;5;48m [38;5;16;48;5;16m▓[38;5;22;48;5;16m [38;5;35;48;5;48m  [38;5;16;48;5;16m▓▓[38;5;35;48;5;48m  [38;5;16;48;5;16m▓▓▓▓▓▓▓▓▓▓▓▓▓▓▓[0m
[38;5;16;48;5;16m▓▓▓▓▓▓▓▓▓▓▓▓▓▓▓▓[38;5;42;48;5;59m▓[38;5;42;48;5;65m▓[38;5;35;48;5;65m▓▓▓[38;5;42;48;5;65m▓▓[38;5;35;48;5;65m▓[38;5;72;48;5;65m▓▓▓▓▓▓[38;5;42;48;5;59m▓[38;5;16;48;5;16m▓▓[38;5;85;48;5;84m░[38;5;35;48;5;48m [38;5;48;48;5;85m [38;5;16;48;5;16m▓▓[38;5;35;48;5;48m  [38;5;16;48;5;16m▓▓[38;5;85;48;5;48m░[38;5;35;48;5;48m [38;5;115;48;5;35m▒[38;5;16;48;5;16m▓▓▓▓▓▓▓▓▓▓▓▓▓▓▓[0m
[38;5;16;48;5;16m▓▓▓▓▓▓▓▓▓▓▓▓▓▓▓▓▓▓▓▓▓▓▓▓[38;5;35;48;5;240m▓[38;5;72;48;5;65m▓▓▓▓▓[38;5;42;48;5;59m▓[38;5;16;48;5;16m▓▓[38;5;41;48;5;23m░[38;5;16;48;5;16m▓▓[38;5;41;48;5;23m [38;5;35;48;5;48m [38;5;48;48;5;48m [38;5;16;48;5;16m▓▓[38;5;48;48;5;84m░[38;5;85;48;5;48m [38;5;48;48;5;84m░[38;5;16;48;5;16m▓▓▓▓▓▓▓▓▓▓▓▓▓▓▓▓[0m
[38;5;16;48;5;16m▓▓▓▓▓▓▓▓▓▓▓▓▓▓▓▓▓▓▓▓▓▓▓▓▓▓[38;5;72;48;5;65m▓▓▓▓[38;5;42;48;5;59m▓[38;5;16;48;5;16m▓▓▓▓[38;5;35;48;5;48m  [38;5;115;48;5;29m▒[38;5;16;48;5;16m▓▓[38;5;35;48;5;49m [38;5;48;48;5;48m [38;5;85;48;5;84m░[38;5;16;48;5;16m▓▓▓▓▓▓▓▓▓▓▓▓▓▓▓▓▓[0m
[38;5;16;48;5;16m▓▓▓▓▓▓▓▓▓▓▓▓▓▓▓▓▓▓▓▓▓▓▓▓▓▓▓[38;5;35;48;5;239m▓[38;5;35;48;5;65m▓[38;5;48;48;5;65m▓[38;5;42;48;5;59m▓[38;5;16;48;5;16m▓▓▓▓▓▓▓[38;5;85;48;5;48m░[38;5;48;48;5;48m [38;5;35;48;5;48m [38;5;16;48;5;16m▓▓▓▓▓▓▓▓▓▓▓▓▓▓▓▓▓▓▓[0m
[38;5;16;48;5;16m▓▓▓▓▓▓▓▓▓▓▓▓▓▓▓▓▓▓▓▓▓▓▓▓▓▓▓▓▓▓▓▓▓▓▓▓▓[38;5;48;48;5;78m░[38;5;35;48;5;48m [38;5;22;48;5;16m [38;5;16;48;5;16m▓▓▓▓▓▓▓▓▓▓▓▓▓▓▓▓▓▓▓▓[0m
[38;5;16;48;5;16m▓▓▓▓▓▓▓▓▓▓▓▓▓▓▓▓▓▓▓▓▓▓▓▓▓▓▓▓▓▓▓▓▓▓▓▓▓▓▓▓▓▓▓▓▓▓▓▓▓▓▓▓▓▓▓▓▓▓▓▓[0m
[31;1m Tragically,[0m the audio package is reporting you do not have
 a sound card. I cannot tell if this is genuinely the case, 
 but for now, I'm afraid you will have to perform the purge 
 in an eerie silence, and leave the multimedia extravaganza 
 to your imagination. Sorry...                              
                                                            
 Press a key to continue...  quietly...                     
                                                            